#File format: word,sPoint,nPoint,yPoint,mPoint

#Sayori's winning words
щаст€,4,3,2,1
смуток,4,3,2,1
смерть,4,3,1,2
трагед≥€,4,3,1,2
самотн≥сть,4,3,1,2
коханн€,4,3,2,1
пригоди,4,3,2,1
солодкий,4,3,2,1
захопленн€,4,3,2,1
салют,4,3,2,1
романтика,4,3,2,1
сльози,4,3,1,2
депрес≥€,4,3,1,2
серце,4,3,2,1
шлюб,4,3,2,1
пристрасть,4,3,2,1
дитинство,4,3,2,1
весело,4,3,2,1
кол≥р,4,3,2,1
над≥€,4,3,1,2
друз≥,4,3,2,1
родина,4,3,2,1
веч≥рка,4,3,2,1
в≥дпустка,4,3,2,1
л≥нивий,4,3,2,1
мр≥€,4,3,1,2
б≥ль,4,3,1,2
св€то,4,3,2,1
л≥жко,4,3,2,1
п≥р'њна,4,3,2,1
сором,4,3,1,2
страх,4,3,1,2
тепло,4,3,2,1
кв≥тка,4,3,2,1
затишок,4,3,2,1
танець,4,3,2,1
сп≥вати,4,3,2,1
плакати,4,3,1,2
см≥х,4,3,2,1
темр€ва,4,3,1,2
сон€чно,4,3,2,1
дощова_хмара,4,3,2,1
спок≥й,4,3,1,2
дурний,4,3,2,1
л≥тати,4,3,2,1
чудовий,4,3,2,1
нерозд≥лене,4,3,1,2
тро€нда,4,3,1,2
разом,4,3,2,1
об≥ц€нка,4,3,2,1
чар≥вн≥сть,4,3,2,1
краса,4,3,2,1
рад≥сть,4,3,2,1
усм≥шка,4,3,2,1
розбите,4,3,1,2
дорогоц≥нний,4,3,2,1
молитва,4,3,1,2
незграбний,4,3,2,1
пробачити,4,3,1,2
природа,4,3,2,1
океан,4,3,2,1
с€€ти,4,3,2,1
особливий,4,3,2,1
музика,4,3,2,1
щасливий,4,3,2,1
невдача,4,3,1,2
гучний,4,3,2,1
мирний,4,3,1,2
вт≥ха,4,3,1,2
зах≥д_сонц€,4,3,2,1
св≥тл€чки,4,3,2,1
веселка,4,3,2,1
бол€че,4,3,1,2
грати,4,3,2,1
≥скра,4,3,2,1
шрами,4,3,1,2
порожнеча,4,3,1,2
дивовижний,4,3,2,1
горе,4,3,1,2
об≥йми,4,3,1,2
надзвичайний,4,3,2,1
класний,4,3,2,1
поразка,4,3,1,2
безнад≥йний,4,3,1,2
стражданн€,4,3,1,2
скарб,4,3,2,1
блаженство,4,3,2,1
спогади,4,3,2,1

#Natsuki's words
милий,2,4,3,1
пухнастий,2,4,3,1
чистий,1,4,3,2
цукерка,2,4,3,1
шоп≥нг,2,4,3,1
цуцен€,2,4,3,1
киц€,2,4,3,1
хмари,2,4,3,1
помада,1,4,3,2
парфе,2,4,3,1
полуниц€,2,4,3,1
рожевий,2,4,3,1
шоколад,2,4,3,1
серцебитт€,1,4,3,2
поц≥лунок,1,4,3,2
мелод≥€,2,4,3,1
стр≥чка,2,4,3,1
стрибучий,2,4,3,1
док≥-док≥,2,4,3,1
кавайний,2,4,3,1
сп≥дниц€,2,4,3,1
щ≥чки,2,4,3,1
емейл,2,4,3,1
липкий,2,4,3,1
пружний,2,4,3,1
блискучий,2,4,3,1
гризти,2,4,3,1
фантаз≥€,1,4,3,2
цукор,2,4,3,1
хихот≥ти,2,4,3,1
зеф≥р,2,4,3,1
стрибати,2,4,3,1
скакати,2,4,3,1
мир,2,4,3,1
крутитис€,2,4,3,1
кружл€ти,2,4,3,1
льод€ник,2,4,3,1
пуф,2,4,3,1
бульбашки,2,4,3,1
шеп≥т,2,4,3,1
л≥то,2,4,3,1
водоспад,1,4,3,2
купальник,2,4,3,1
ван≥ль,2,4,3,1
навушники,2,4,3,1
≥гри,2,4,3,1
шкарпетки,2,4,3,1
волосс€,2,4,3,1
дит€чий_майданчик,2,4,3,1
н≥чна_сорочка,1,4,3,2
ковдра,1,4,3,2
молоко,2,4,3,1
надутий,2,4,3,1
зл≥сть,2,4,3,1
тато,2,4,3,1
валентинка,2,4,3,1
миша,1,4,3,2
свист,2,4,3,1
буп,2,4,3,1
кролик,2,4,3,1
ан≥ме,2,4,3,1
стрибок,2,4,3,1

#Yuri's words
р≥шуч≥сть,1,1,4,3
самогубство,2,1,4,3
у€ва,2,1,4,3
потаЇмний,2,1,4,3
життЇва_сила,1,1,4,3
≥снуванн€,2,1,4,3
с€ючий,1,1,4,3
багр€ний,1,1,4,3
вихор,1,1,4,3
п≥сл€образ,1,1,4,3
запамороченн€,1,1,4,3
дезор≥Їнтований,1,1,4,3
сутн≥сть,2,1,4,3
атмосферний,2,1,4,3
зор€ний_пейзаж,2,1,4,3
безлад,1,1,4,3
забрудненн€,1,1,4,3
≥нтелектуальний,1,1,4,3
анал≥з,1,1,4,3
ентроп≥€,1,1,4,3
жвавий,1,1,4,3
моторошний,2,1,4,3
нев≥дпов≥дний,1,1,4,3
гн≥в,2,1,4,3
небесний,2,1,4,3
р≥занина,2,1,4,3
ф≥лософ≥€,1,1,4,3
м≥нливий,1,1,4,3
наполегливий,1,1,4,3
аура,2,1,4,3
нестаб≥льний,1,1,4,3
пекло,2,1,4,3
нездатний,2,1,4,3
дол€,2,1,4,3
безпомилковий,1,1,4,3
бол≥сний,2,1,4,3
вар≥ац≥€,1,1,4,3
неконтрольований,2,1,4,3
екстремальний,1,1,4,3
втекти,2,1,4,3
сон,2,2,4,3
катастрофа,2,1,4,3
€скравий,2,1,4,3
живий,1,2,4,3
питанн€,1,2,4,3
гнити,2,1,4,3
суд,1,1,4,3
кл≥тка,1,2,4,3
вибухати,1,2,4,3
задоволенн€,1,2,4,3
пох≥ть,1,2,4,3
в≥дчутт€,1,2,4,3
кульм≥нац≥€,1,2,4,3
електрика,1,2,4,3
в≥дмовитись,1,1,4,3
зневажати,2,1,4,3
неск≥нченний,2,1,4,3
в≥чн≥сть,2,1,4,3
час,2,1,4,3
всесв≥т,2,1,4,3
неск≥нченний,2,1,4,3
крапл≥_дощу,2,1,4,3
жадати,1,1,4,3
безстримний,1,1,4,3
пейзаж,2,1,4,3
портрет,2,1,4,3
подорож,2,1,4,3
м≥зерний,1,1,4,3
тривога,2,1,4,3
л€каючий,2,1,4,3
жах,2,1,4,3
меланхол≥€,2,1,4,3
прониклив≥сть,2,1,4,3
спокутувати,2,1,4,3
дихати,1,2,4,3
полонений,2,1,4,3
бажанн€,1,2,4,3
кладовище,2,1,4,3

#Monika's words
оркестр,1,1,2,4
утриманн€,2,3,1,4
п≥вн≥ч,2,2,3,4
н≥жний,1,2,2,4
терп≥нн€,1,1,3,4
суперництво,1,3,1,4
зусилл€,3,2,2,4
обмежений,2,1,2,4
спритн≥сть,1,2,3,4
тактовний,3,1,1,4
виливати,3,2,1,4
в≥дшкодуванн€,1,2,1,4
авантюра,2,1,2,4
заздрити,2,3,1,4
оф≥ц≥йний,1,1,3,4
л≥тература,2,2,3,4
загадка,3,2,2,4
вол€,1,2,3,4
зворушливий,3,2,3,4
таЇмний,3,2,3,4
муза,2,1,3,4
щасливий_випадок,1,2,2,4
сердечний,3,2,1,4
аромат,2,2,3,4
жад≥бн≥сть,3,3,1,4
палк≥сть,3,3,1,4
здатн≥сть,1,1,2,4
€сновид≥нн€,2,1,3,4
грав≥рувати,2,3,2,4
ка€тис€,3,1,2,4
таЇмничий,3,2,3,4
езотеричний,3,2,3,4
симул€кр,2,1,3,4
зм≥нний,2,1,3,4
збирати,1,1,3,4
перевершувати,2,1,2,4
ув≥чнювати,1,2,1,4
перифер≥€,3,2,3,4
убунту,3,2,1,4
Їмн≥сть,1,3,3,4
занурюватись,3,2,1,4
спотворювати,3,1,3,4
пихатий,2,1,3,4
безперервн≥сть,1,3,2,4
розсудливий,1,3,2,4
св≥дом≥сть,1,1,1,4
реальн≥сть,2,3,2,4
≥м≥тац≥€,3,1,2,4
майбутнЇ,1,2,1,4
досл≥дженн€,1,3,3,4
кава,2,2,1,4
смарагд,1,1,1,4
г≥г≥Їна,1,2,3,4
наст≥йлив≥сть,1,3,3,4
дощ,3,1,2,4
в≥дчуженн€,3,2,3,4
екстраверт,3,2,1,4
мода,3,3,2,4
л≥нгв≥стичний,2,2,3,4
творч≥сть,2,3,3,4
впевнен≥сть,2,1,3,4
об≥йми,2,3,3,4
душа,1,2,1,4
≥стина,1,3,2,4
ц≥нн≥сть,1,2,2,4
просв≥тленн€,1,3,2,4
безодн€,3,1,3,4
апокриф≥чний,3,2,3,4
в≥дмовитись,1,1,1,4
харчуванн€,2,2,3,4
зб≥гатис€,1,3,2,4
прос≥ювати,1,2,2,4
усам≥тненн€,3,1,3,4
